random numbers,distance
3,1
4,2
6,1
7,-3
4,5
9,-2
7,-1
6,-2
4,19
23,-20
3,53
56,-49
7,1
8,-8
0,989
989,-989
,8
8,68
76,2269
2345,-2302
43,-41
2,19
21,1090
1111,-766
345,-339
6,2
8,646
654,-654
